8.3
Bubble Sort:
start a: [3, 1, 6, 7, 2, 5, 4]
1. loop: [1, 3, 6, 2, 5, 4, 7]
2. loop: [1, 3, 2, 5, 4, 6, 7]
3. loop: [1, 2, 3, 4, 5, 6, 7]
4. loop: [1, 2, 3, 4, 5, 6, 7]

Insertion Sort:
start a: [3, 1, 6, 7, 2, 5, 4]
1. loop: [1, 3, 6, 7, 2, 5, 4]
2. loop: [1, 3, 6, 7, 2, 5, 4]
3. loop: [1, 3, 6, 7, 2, 5, 4]
4. loop: [1, 2, 3, 6, 7, 5, 4]
5. loop: [1, 2, 3, 5, 6, 7, 4]
6. loop: [1, 2, 3, 4, 5, 6, 7]

Selection Sort:
start a: [3, 1, 6, 7, 2, 5, 4]
1. loop: [1, 3, 6, 7, 2, 5, 4]
2. loop: [1, 2, 6, 7, 3, 5, 4]
3. loop: [1, 2, 3, 7, 6, 5, 4]
4. loop: [1, 2, 3, 4, 6, 5, 7]
5. loop: [1, 2, 3, 4, 5, 6, 7]
6. loop: [1, 2, 3, 4, 5, 6, 7]